# SETTINGS FOUND FOR NEO STRAT AT EPOCH 15.000;
# INTERNAL BACKTESTS RETURNED GREAT SCORE;
BEAR_RSI_low = 23.106060606060606
IDLE_RSI_high = 59.68181818181818
BEAR_RSI = 11.863636363636363
BULL_RSI_low = 47.121212121212125
SMA_short = 36.0
IDLE_RSI = 11.527272727272727
ROC = 4.781818181818182
IDLE_RSI_low = 34.154545454545456
BULL_RSI_high = 84.12121212121212
ROC_lvl = 0.0
BULL_RSI = 9.121212121212121
BEAR_RSI_high = 42.878787878787875
SMA_long = 145.0

