SMA_long = 990.909090909091
BEAR_RSI_low = 19.09090909090909
BULL_MOD_high = 5.954545454545455
ADX = 2.672727272727273
BEAR_RSI_high = 39.54545454545455
BEAR_MOD_high = 14.59090909090909
BEAR_RSI = 14.863636363636363
BULL_MOD_low = -5.318181818181818
BEAR_MOD_low = -3.909090909090909
ADX_low = 46.36363636363636
BULL_RSI = 12.09090909090909
BULL_RSI_high = 83.63636363636364
BULL_RSI_low = 51.27272727272727
SMA_short = 53.18181818181819
ADX_high = 78.9090909090909

